%YAML:1.0
---
SN: "12292554"
K: !!opencv-matrix
   rows: 3
   cols: 3
   dt: d
   data: [ 1.5070097227084659e+03, 0., 6.1335529596657193e+02, 0.,
       1.5015002191817971e+03, 5.2264763720908172e+02, 0., 0., 1. ]
D: !!opencv-matrix
   rows: 1
   cols: 5
   dt: d
   data: [ -2.2947216806565149e-01, 1.8298751636736985e-01,
       7.8591903973923257e-04, -1.9122321245416199e-03,
       -3.1590572649976813e-02 ]
