%YAML:1.0
---
left SN: "12380091"
right SN: "12292554"
K0: !!opencv-matrix
   rows: 3
   cols: 3
   dt: d
   data: [ 1.5046586355037973e+03, 0., 6.3116662099932125e+02, 0.,
       1.4988887732508686e+03, 5.3193061758168676e+02, 0., 0., 1. ]
D0: !!opencv-matrix
   rows: 1
   cols: 5
   dt: d
   data: [ -2.2673795674855951e-01, 1.5145262727594205e-01,
       3.6523703712968862e-04, -9.1031634870100534e-04,
       5.5060437297331705e-02 ]
K1: !!opencv-matrix
   rows: 3
   cols: 3
   dt: d
   data: [ 1.5070097227084659e+03, 0., 6.1335529596657193e+02, 0.,
       1.5015002191817971e+03, 5.2264763720908172e+02, 0., 0., 1. ]
D1: !!opencv-matrix
   rows: 1
   cols: 5
   dt: d
   data: [ -2.2947216806565149e-01, 1.8298751636736985e-01,
       7.8591903973923257e-04, -1.9122321245416199e-03,
       -3.1590572649976813e-02 ]
R: !!opencv-matrix
   rows: 3
   cols: 3
   dt: d
   data: [ 9.9999080150736164e-01, 4.1769837009502367e-03,
       9.7452954112455892e-04, -4.1730034072077812e-03,
       9.9998308669107916e-01, -4.0512188715590616e-03,
       -9.9143493380081946e-04, 4.0471148913565676e-03,
       9.9999131892123361e-01 ]
T: !!opencv-matrix
   rows: 3
   cols: 1
   dt: d
   data: [ -6.8996768859646507e-02, -3.7176411274024863e-04,
       8.1662622293348188e-04 ]
E: !!opencv-matrix
   rows: 3
   cols: 3
   dt: d
   data: [ 3.7763639392207898e-06, -8.1811698315864361e-04,
       -3.6845255386134531e-04, 7.4821290423634785e-04,
       2.8264888513032421e-04, 6.8996965719639716e-02,
       6.5968444460842701e-04, -6.8994049043340722e-02,
       2.7988330719099386e-04 ]
F: !!opencv-matrix
   rows: 3
   cols: 3
   dt: d
   data: [ 2.5705166313827954e-09, -5.5902413681949914e-07,
       -8.1629290295692419e-05, 5.1116654785442263e-07,
       1.9384432120309875e-07, 7.0500214055833038e-02,
       4.0796757474195657e-04, -7.0804956544648218e-02, 1. ]
