%YAML:1.0
---
size: [ 640, 480 ]
RMS: 2.2718547305233500e-01
K: !!opencv-matrix
   rows: 3
   cols: 3
   dt: d
   data: [ 6.4293332459303406e+02, 0., 3.2118135112320067e+02, 0.,
       6.4335169235378214e+02, 2.4450166098573231e+02, 0., 0., 1. ]
D: !!opencv-matrix
   rows: 1
   cols: 5
   dt: d
   data: [ -1.6174325308446300e-03, 2.4170889452328423e-01,
       1.5034986505711447e-03, 7.3710393060193147e-04,
       -4.5153311490727593e-01 ]
